[38;2;128;128;128m 
[38;2;128;128;128m 
[38;2;128;128;128m 
[38;2;128;128;128m 
[38;2;128;128;128m 
[38;2;128;128;128m 
[38;2;128;128;128m    [38;2;143;110;113mj[38;2;180;68;77m▒[38;2;181;69;78m▒[38;2;180;69;78m▒[38;2;166;84;91m╩[38;2;167;83;90m╩[38;2;165;86;92m╩
[38;2;128;128;128m    [38;2;165;85;91m1[38;2;181;68;77m▒[38;2;151;101;105m"[38;2;172;77;85m▒[38;2;172;78;86m▒[38;2;155;97;102m╥[38;2;159;92;97m╦[38;2;157;94;99mµ[38;2;154;98;103m╥[38;2;150;102;106m╥[38;2;147;106;109m,[38;2;143;109;112m,[38;2;140;113;116m.          [38;2;126;118;116m,[38;2;124;105;101m╓[38;2;123;99;94m╓[38;2;122;93;86m╖[38;2;121;87;78m▄[38;2;120;80;71m▄[38;2;119;75;64m@[38;2;118;70;59m▓[38;2;118;70;58m▓[38;2;119;77;66m@[38;2;122;93;86m╖
[38;2;128;128;128m    [38;2;151;101;105mª[38;2;150;102;106m` [38;2;167;83;90m▒[38;2;181;69;78m▒[38;2;181;68;77m▒[38;2;172;78;85mÑ[38;2;173;77;84mÑ[38;2;177;72;81m▒[38;2;180;69;78m▒[38;2;181;68;77m▒[38;2;181;68;77m▒[38;2;181;69;78m▒[38;2;181;69;78m▒▒[38;2;181;68;77m▒[38;2;174;75;83m▒[38;2;148;104;108mµ   [38;2;125;114;111m,[38;2;118;69;57m▓[38;2;116;60;47m▓[38;2;119;79;69m╝[38;2;121;87;79m╜[38;2;122;93;86m╙[38;2;123;100;94m╙[38;2;124;106;102m'   [38;2;124;109;105m`[38;2;118;69;57m▓[38;2;116;62;48m▓
[38;2;128;128;128m       [38;2;181;68;77m▒[38;2;181;69;78m▒[38;2;179;70;79m▒        [38;2;139;114;116m`[38;2;180;69;78m▒[38;2;181;69;78m▒[38;2;181;68;77m▒   [38;2;116;62;49m▓[38;2;116;59;45m▓
[38;2;128;128;128m      [38;2;149;103;107mj[38;2;181;69;78m▒[38;2;181;69;78m▒[38;2;162;89;94mN         [38;2;181;68;77m▒[38;2;181;69;78m▒[38;2;178;71;79m▒   [38;2;122;97;90m╙[38;2;116;59;45m▓[38;2;117;68;55m▓[38;2;122;98;92m╖[38;2;124;106;102m,[38;2;123;100;95m╓[38;2;122;93;87m╖[38;2;121;88;79m▄[38;2;120;82;73m▄[38;2;119;77;66m@[38;2;118;71;60m▓[38;2;117;67;55m▓[38;2;118;73;62m@[38;2;121;86;78m▄[38;2;125;110;107m,
[38;2;128;128;128m      [38;2;168;82;89m▒[38;2;181;69;78m▒[38;2;181;69;78m▒         [38;2;150;102;106mj▒▒[38;2;161;90;95mH     [38;2;122;96;89m╙[38;2;120;82;73m╚[38;2;119;79;69m╝[38;2;119;80;70m╝[38;2;121;86;78m╜[38;2;122;92;85m╙[38;2;122;98;92m╙[38;2;123;103;98m"[38;2;124;109;105m` [38;2;124;104;100m"[38;2;118;73;62m▀[38;2;116;59;45m▓[38;2;119;79;70m▄
[38;2;128;128;128m      [38;2;181;68;77m▒[38;2;181;69;78m▒[38;2;181;68;77m▒         [38;2;169;81;88m▒[38;2;181;69;78m▒[38;2;181;69;78m▒                  [38;2;116;59;45m▓[38;2;116;59;45m▓
[38;2;128;128;128m      [38;2;151;100;104m╨[38;2;179;70;79m▒[38;2;181;69;78m▒[38;2;181;69;78m▒[38;2;181;68;77m▒[38;2;180;69;77m▒[38;2;178;71;79m▒[38;2;175;75;83m▒[38;2;171;79;86m▒[38;2;168;83;89mN[38;2;164;87;93mN[38;2;162;89;95m╦[38;2;181;68;77m▒[38;2;181;69;78m▒[38;2;178;71;80m▒     [38;2;118;72;60m▓[38;2;116;59;45m▓[38;2;121;89;81m▄   [38;2;125;116;113m,[38;2;125;110;107m,[38;2;124;105;100m╓[38;2;123;100;94m╓[38;2;122;93;86m╖[38;2;120;83;74m▄[38;2;116;61;47m▓[38;2;117;64;51m▓[38;2;124;106;102m┘
[38;2;128;128;128m        [38;2;137;117;118m`[38;2;142;111;113m`[38;2;146;107;110m`[38;2;149;103;107m"[38;2;153;99;104mª[38;2;156;96;100m╨[38;2;159;92;97m╨[38;2;163;88;94m╩[38;2;166;84;90m╩[38;2;169;81;88m╩[38;2;165;85;92m╩[38;2;166;85;91m╩[38;2;175;74;82m▒[38;2;154;98;102mµ[38;2;171;78;86m▒[38;2;170;80;87mK   [38;2;123;98;92m╙[38;2;119;77;67m▀[38;2;117;66;54m▓[38;2;116;60;46m▓[38;2;117;65;53m▓[38;2;118;71;59m▓[38;2;119;76;66m▀[38;2;120;82;72m╝[38;2;121;87;79m╜[38;2;122;93;86m╙[38;2;123;101;95m"
[38;2;128;128;128m                  [38;2;134;120;121m.[38;2;161;90;95m╦[38;2;178;72;80m▒[38;2;168;82;89m╩[38;2;176;73;81m▒
[38;2;128;128;128m                   [38;2;140;114;116m`
[38;2;128;128;128m 
[38;2;128;128;128m 
[38;2;128;128;128m 
[38;2;128;128;128m 
[38;2;128;128;128m 

